266
274
276
280
282
308
311
312
313
317
318
319
328
329
330
334
337
338
339
342
343
344
348
349
350
354
355
356
359
360
361
365
367
368
369
377
380
381
382
386
387
388
392
393
394
397
398
399
403
406
407
408
411
412
413
417
418
419
423
424
425
429
431
432
433
441
444
445
446
450
451
452
456
457
458
461
462
463
467
470
471
472
475
476
477
481
482
483
487
488
489
493
495
496
497
505
508
509
510
514
515
516
520
521
522
525
526
527
531
534
535
536
539
540
541
545
546
547
551
552
553
556
557
558
562
564
565
566
574
577
578
579
583
584
585
589
590
591
594
595
596
600
603
604
605
608
609
610
614
615
616
620
621
622
625
626
627
631
633
634
635
643
646
647
651
652
656
657
660
661
665
668
669
672
673
677
678
682
683
686
687
691
693
694
702
705
706
710
711
715
716
719
720
724
727
728
731
732
736
737
741
742
746
748
749