267
275
277
281
283
309
312
313
314
318
319
320
329
330
331
335
338
339
340
343
344
345
349
350
351
355
356
357
360
361
362
366
368
369
370
378
381
382
383
387
388
389
393
394
395
398
399
400
404
407
408
409
412
413
414
418
419
420
424
425
426
430
432
433
434
442
445
446
447
451
452
453
457
458
459
462
463
464
468
471
472
473
476
477
478
482
483
484
488
489
490
494
496
497
498
506
509
510
511
515
516
517
521
522
523
526
527
528
532
535
536
537
540
541
542
546
547
548
552
553
554
557
558
559
563
565
566
567
575
578
579
580
584
585
586
590
591
592
595
596
597
601
604
605
606
609
610
611
615
616
617
621
622
623
626
627
628
632
634
635
636
644
647
648
652
653
657
658
661
662
666
669
670
673
674
678
679
683
684
687
688
692
694
695
703
706
707
711
712
716
717
720
721
725
728
729
732
733
737
738
742
743
747
749
750